x = [4 6 8 12];
y = [5 6 7 8; 1 2 3 4];
x(2)
